LOGE Preprocessor Version 2.0           ! Preprocessor name and version number
jiratiwat                               ! Name Of Author 
FIG12A_r38mec_rev                       ! ProjectName
11-01-2022                               ! Date
8                                            ! Number of reactive Species
(1, 1, 1)                     !NH3
(1, 1, 2)                     !H2
(1, 1, 3)                     !H2O
(1, 1, 4)                     !O2
(1, 1, 5)                     !N2
(1, 1, 6)                     !N2O
(1, 1, 7)                     !NO
(1, 1, 8)                     !NO2
8                                            ! Number of Equilibrium Species
(1, 1, 1)                     !NH3
(1, 1, 2)                     !H2
(1, 1, 3)                     !H2O
(1, 1, 4)                     !O2
(1, 1, 5)                     !N2
(1, 1, 6)                     !N2O
(1, 1, 7)                     !NO
(1, 1, 8)                     !NO2
2 38                                   ! Number of mechanisms
FIG12A_r38mec_re                                   ! Name of gas phase mechanism
2                                   ! Number of reactions
r1f:2NO+O2<=>2NO2
2 1
(1, 1, 7)   2
(1, 1, 4)   1
(1, 1, 8)   2
+9.756000E13  +0.000000E00  +6.210000E01  
r1b:2NO+O2<=>2NO2
1 2
(1, 1, 8)    2
(1, 1, 7)    2
(1, 1, 4)    1
+1.284751E20  -1.026757E00  +1.785516E02  
1                                   ! Reverse reactions list
1 2
0                                   ! Number of FORD/RORD reactions
0                                   ! Number of PLOG reactions
 0                                   ! Number of third body species
 0                                   ! Number of third body reactions
 0                                   ! Pressure dependent reactions
SurfMech1                                   ! Surf mechanism name
38                                   ! Number of reactions
r1f:FE+NH3=>NH3_FE
2 1
(2, 1, 1)   1
(1, 1, 1)   1
(2, 1, 5)   1
+1.100000E-02  +0.000000E00  +0.000000E00  
r2f:NH3_FE=>FE+NH3
1 2
(2, 1, 5)   1
(2, 1, 1)   1
(1, 1, 1)   1
+8.210000E14  +0.000000E00  +7.863000E01  
r3f:2FE+N2=>2N_FE
2 1
(2, 1, 1)   2
(1, 1, 5)   1
(2, 1, 6)   2
+1.000000E-06  +0.000000E00  +0.000000E00  
r4f:NH3_FE+FE<=>NH2_FE+H_FE
2 2
(2, 1, 5)   1
(2, 1, 1)   1
(2, 1, 7)   1
(2, 1, 2)   1
+5.723000E22  +0.000000E00  +7.899000E01  
r4b:NH3_FE+FE<=>NH2_FE+H_FE
2 2
(2, 1, 7)    1
(2, 1, 2)    1
(2, 1, 5)    1
(2, 1, 1)    1
+9.167522E24  -2.573900E-01  +5.007353E01  
r5f:NH2_FE+FE<=>NH_FE+H_FE
2 2
(2, 1, 7)   1
(2, 1, 1)   1
(2, 1, 8)   1
(2, 1, 2)   1
+2.718000E22  +0.000000E00  +7.574000E01  
r5b:NH2_FE+FE<=>NH_FE+H_FE
2 2
(2, 1, 8)    1
(2, 1, 2)    1
(2, 1, 7)    1
(2, 1, 1)    1
+2.570841E20  -2.573828E-01  +7.613349E01  
r6f:NH_FE+FE<=>N_FE+H_FE
2 2
(2, 1, 8)   1
(2, 1, 1)   1
(2, 1, 6)   1
(2, 1, 2)   1
+6.213000E19  +0.000000E00  +2.293000E01  
r6b:NH_FE+FE<=>N_FE+H_FE
2 2
(2, 1, 6)    1
(2, 1, 2)    1
(2, 1, 8)    1
(2, 1, 1)    1
+1.437342E20  -2.573806E-01  +1.573035E02  
r7f:O2+2FE=>2O_FE
2 1
(1, 1, 4)   1
(2, 1, 1)   2
(2, 1, 4)   2
+7.000000E-02  +0.000000E00  +0.000000E00  
r8f:2O_FE=>2FE+O2
1 2
(2, 1, 4)   2
(2, 1, 1)   2
(1, 1, 4)   1
+3.218000E21  +0.000000E00  +2.247100E02  
r9f:H2+2FE=>2H_FE
2 1
(1, 1, 2)   1
(2, 1, 1)   2
(2, 1, 2)   2
+4.600000E-02  +0.000000E00  +0.000000E00  
r10f:2H_FE=>2FE+H2
1 2
(2, 1, 2)   2
(2, 1, 1)   2
(1, 1, 2)   1
+2.121000E21  +0.000000E00  +6.911000E01  
r11f:H2O+FE=>H2O_FE
2 1
(1, 1, 3)   1
(2, 1, 1)   1
(2, 1, 10)   1
+7.500000E-01  +0.000000E00  +0.000000E00  
r12f:H2O_FE=>FE+H2O
1 2
(2, 1, 10)   1
(2, 1, 1)   1
(1, 1, 3)   1
+5.013000E13  +0.000000E00  +4.916000E01  
r13f:NO+FE=>NO_FE
2 1
(1, 1, 7)   1
(2, 1, 1)   1
(2, 1, 9)   1
+8.500000E-01  +0.000000E00  +0.000000E00  
r14f:NO_FE=>FE+NO
1 2
(2, 1, 9)   1
(2, 1, 1)   1
(1, 1, 7)   1
+2.047000E12  +0.000000E00  +8.074000E01  
r15f:NO2+FE=>NO2_FE
2 1
(1, 1, 8)   1
(2, 1, 1)   1
(2, 1, 11)   1
+9.000000E-01  +0.000000E00  +0.000000E00  
r16f:NO2_FE=>FE+NO2
1 2
(2, 1, 11)   1
(2, 1, 1)   1
(1, 1, 8)   1
+1.438000E13  +0.000000E00  +6.099000E01  
r17f:N2O+FE=>N2O_FE
2 1
(1, 1, 6)   1
(2, 1, 1)   1
(2, 1, 12)   1
+2.500000E-02  +0.000000E00  +0.000000E00  
r18f:N2O_FE=>FE+N2O
1 2
(2, 1, 12)   1
(2, 1, 1)   1
(1, 1, 6)   1
+1.287000E10  +0.000000E00  +7.300000E-01  
r19f:2N_FE=>2FE+N2
1 2
(2, 1, 6)   2
(2, 1, 1)   2
(1, 1, 5)   1
+3.700000E21  +0.000000E00  +1.139000E02  
r20f:H_FE+O_FE<=>OH_FE+FE
2 2
(2, 1, 2)   1
(2, 1, 4)   1
(2, 1, 3)   1
(2, 1, 1)   1
+3.700000E20  +0.000000E00  +7.050000E01  
r20b:H_FE+O_FE<=>OH_FE+FE
2 2
(2, 1, 3)    1
(2, 1, 1)    1
(2, 1, 2)    1
(2, 1, 4)    1
+1.483998E19  -1.671320E-02  +8.712588E00  
r21f:OH_FE+H_FE<=>H2O_FE+FE
2 2
(2, 1, 3)   1
(2, 1, 2)   1
(2, 1, 10)   1
(2, 1, 1)   1
+3.700000E21  +0.000000E00  +1.740000E01  
r21b:OH_FE+H_FE<=>H2O_FE+FE
2 2
(2, 1, 10)    1
(2, 1, 1)    1
(2, 1, 3)    1
(2, 1, 2)    1
+4.366602E21  +2.345056E-01  +6.460967E01  
r22f:2OH_FE<=>H2O_FE+O_FE
1 2
(2, 1, 3)   2
(2, 1, 10)   1
(2, 1, 4)   1
+3.700000E21  +0.000000E00  +4.820000E01  
r22b:2OH_FE<=>H2O_FE+O_FE
2 1
(2, 1, 10)    1
(2, 1, 4)    1
(2, 1, 3)    2
+1.088709E23  +2.512188E-01  +1.571971E02  
r23f:NO_FE+FE<=>N_FE+O_FE
2 2
(2, 1, 9)   1
(2, 1, 1)   1
(2, 1, 6)   1
(2, 1, 4)   1
+5.000000E20  +0.000000E00  +1.078000E02  
r23b:NO_FE+FE<=>N_FE+O_FE
2 2
(2, 1, 6)    1
(2, 1, 4)    1
(2, 1, 9)    1
(2, 1, 1)    1
+2.580464E23  +1.294380E00  +4.624767E02  
r24f:N_FE+NO_FE<=>N2O_FE+FE
2 2
(2, 1, 6)   1
(2, 1, 9)   1
(2, 1, 12)   1
(2, 1, 1)   1
+1.000000E21  +0.000000E00  +9.090000E01  
r24b:N_FE+NO_FE<=>N2O_FE+FE
2 2
(2, 1, 12)    1
(2, 1, 1)    1
(2, 1, 6)    1
(2, 1, 9)    1
+2.564218E26  -2.196222E00  -7.799002E01  
r25f:O_FE+NO_FE<=>NO2_FE+FE
2 2
(2, 1, 4)   1
(2, 1, 9)   1
(2, 1, 11)   1
(2, 1, 1)   1
+1.317000E17  +0.000000E00  +1.330000E02  
r25b:O_FE+NO_FE<=>NO2_FE+FE
2 2
(2, 1, 11)    1
(2, 1, 1)    1
(2, 1, 4)    1
(2, 1, 9)    1
+5.409834E11  +9.656836E-01  -9.174889E01  
r26f:H_FE+NO_FE<=>OH_FE+N_FE
2 2
(2, 1, 2)   1
(2, 1, 9)   1
(2, 1, 3)   1
(2, 1, 6)   1
+1.180000E21  +0.000000E00  +2.500000E01  
r26b:H_FE+NO_FE<=>OH_FE+N_FE
2 2
(2, 1, 3)    1
(2, 1, 6)    1
(2, 1, 2)    1
(2, 1, 9)    1
+2.442539E22  +1.277666E00  +3.178893E02  
r27f:NO2_FE+H_FE<=>OH_FE+NO_FE
2 2
(2, 1, 11)   1
(2, 1, 2)   1
(2, 1, 3)   1
(2, 1, 9)   1
+3.930000E21  +0.000000E00  +2.000000E01  
r27b:NO2_FE+H_FE<=>OH_FE+NO_FE
2 2
(2, 1, 3)    1
(2, 1, 9)    1
(2, 1, 11)    1
(2, 1, 2)    1
+3.837303E25  -9.823968E-01  +1.829615E02  
11                                   ! Reverse reactions list
4 5
6 7
8 9
23 24
25 26
27 28
29 30
31 32
33 34
35 36
37 38
0                                   ! Number of FORD/RORD reactions
3                                   ! Number of COV reactions
11  1  (2, 1, 4)    0.0 0.0 -120.0
12  1  (2, 1, 1)    0.0 -1.0 -0.0
13  1  (2, 1, 2)    0.0 0.0 -6.0
8                                   ! Number of STICK reactions
1 false
3 false
10 false
12 false
14 false
16 false
18 false
20 false
