LOGE Preprocessor Version 2.0           ! Preprocessor name and version number
jiratiwat                               ! Name Of Author 
FIG12A_r38mec_rev                       ! ProjectName
11-01-2022                               ! Date
4                                   !Elements
  N                 H                 O                 FE                                  
  14.007            1.008             15.999            55.847                              
       +3.000000E02   +3.000000E03   	 !Bounds on temperature for polynomial fits
2                                   !Nbr of mechanisms
FIG12A_r38mec_re                                   !Mechanism name
1        !Mech type
1        !Number of phases
NoName   !Name of phase
1        !Type of phase: 1= gas, 2=surface, 3=bulk
8	 !Species symbols
  NH3               H2                H2O               O2                N2                
  N2O               NO                NO2                                                   
weight
  +1.70306100E-02 +2.01594000E-03 +1.80153400E-02 +3.19988000E-02 +2.80134000E-02 
  +4.40128000E-02 +3.00061000E-02 +4.60055000E-02                                 
nasa polynomials
  +3.77297470E00  -8.29757160E-04 +1.18018820E-05 -1.21268740E-08 +4.17637900E-12 
  -6.69085140E03  +1.49689470E00  +2.31685770E00  +6.28414600E-03 -2.12511630E-06 
  +3.40186900E-10 -2.14700260E-14 -6.42654870E03  +8.29876570E00  +3.00000000E02  
  +1.00000000E03  +5.00000000E03                                                  
  +3.35535140E00  +5.01361440E-04 -2.30069080E-07 -4.79053240E-10 +4.85225850E-13 
  -1.01916260E03  -3.54772280E00  +3.06670950E00  +5.74737550E-04 +1.39383190E-08 
  -2.54835180E-11 +2.90985740E-15 -8.65474120E02  -1.77984240E00  +3.00000000E02  
  +1.00000000E03  +5.00000000E03                                                  
  +4.16772340E00  -1.81149700E-03 +5.94712880E-06 -4.86920210E-09 +1.52919910E-12 
  -3.02899690E04  -7.31354740E-01 +2.61104720E00  +3.15631300E-03 -9.29854380E-07 
  +1.33315380E-10 -7.46893510E-15 -2.98681670E04  +7.20912680E00  +3.00000000E02  
  +1.00000000E03  +5.00000000E03                                                  
  +3.78371350E00  -3.02336340E-03 +9.94927510E-06 -9.81891010E-09 +3.30318250E-12 
  -1.06381070E03  +3.64163450E00  +3.61221390E00  +7.48531660E-04 -1.98206470E-07 
  +3.37490080E-11 -2.39073740E-15 -1.19781510E03  +3.67033070E00  +3.00000000E02  
  +1.00000000E03  +5.00000000E03                                                  
  +3.70441770E00  -1.42187530E-03 +2.86703920E-06 -1.20288850E-09 -1.39546770E-14 
  -1.06407950E03  +2.23362850E00  +2.85328990E00  +1.60221280E-03 -6.29368930E-07 
  +1.14410220E-10 -7.80574650E-15 -8.90080930E02  +6.39648970E00  +3.00000000E02  
  +1.00000000E03  +5.00000000E03                                                  
  +2.61891960E00  +8.64396160E-03 -6.81106240E-06 +2.22758770E-09 -8.06503300E-14 
  +8.75901230E03  +9.22669520E00  +4.73066790E00  +2.82582670E-03 -1.15581150E-06 
  +2.12636830E-10 -1.45640870E-14 +8.16176820E03  -1.71510730E00  +3.00000000E02  
  +1.00000000E03  +5.00000000E03                                                  
  +4.04595210E00  -3.41817830E-03 +7.98191900E-06 -6.11393160E-09 +1.59190760E-12 
  +9.74539340E03  +2.99749880E00  +3.18900000E00  +1.33822810E-03 -5.28993180E-07 
  +9.59193320E-11 -6.48479320E-15 +9.82832900E03  +6.74581260E00  +3.00000000E02  
  +1.00000000E03  +5.00000000E03                                                  
  +3.45892360E00  +2.06470640E-03 +6.68660670E-06 -9.55567250E-09 +3.61958810E-12 
  +2.81522650E03  +8.31169830E00  +4.62407710E00  +2.52603320E-03 -1.06094980E-06 
  +1.98792390E-10 -1.37993840E-14 +2.28999000E03  +1.33241380E00  +3.00000000E02  
  +1.00000000E03  +5.00000000E03                                                  
continuous polynomials
  -8.36051708E00  +1.34418952E00  -2.28950102E-03 +1.20028518E05  +2.54920598E-01 
  -5.28107641E03  +4.15433099E01                                                  
  +1.39280976E01  -2.46359027E00  -1.15981167E-03 -3.54119926E04  +2.50920056E-01 
  -1.62982387E03  -3.21823680E01                                                  
  +6.93093975E00  -1.42938053E00  -1.91747928E-03 +4.74353691E04  +3.09976477E-01 
  -2.99682605E04  -3.45630296E00                                                  
  -5.36675435E00  +1.78439869E00  +5.81772083E-04 +3.53447596E04  -1.07401365E-01 
  -4.37829522E02  +3.00091129E01                                                  
  -5.36394409E00  +1.58570883E00  +1.00552150E-04 +7.61742585E04  -5.80435674E-02 
  -1.71284433E02  +3.02592023E01                                                  
  -1.98585846E01  +5.05573496E00  +1.20584654E-03 +5.93210903E04  -3.08027419E-01 
  +9.91061424E03  +6.81388413E01                                                  
  -9.50422790E00  +2.55659140E00  +5.88259117E-04 +8.70110627E04  -1.50220881E-01 
  +1.08931788E04  +4.34906934E01                                                  
  -2.52587966E01  +6.20074832E00  +1.78311654E-03 +9.21076395E04  -4.17063004E-01 
  +4.48746995E03  +8.65122852E01                                                  
1 NH3                 1  3  0  0  
2 H2                  0  2  0  0  
3 H2O                 0  2  1  0  
4 O2                  0  0  2  0  
5 N2                  2  0  0  0  
6 N2O                 2  0  1  0  
7 NO                  1  0  1  0  
8 NO2                 1  0  2  0  
true
eps_k [nm]
  +4.81000000E02  +3.80000000E01  +5.72000000E02  +1.07000000E02  +9.75000000E01  
  +2.32400000E02  +9.75300000E01  +2.00000000E02                                  
sigma [angstrom]
  +2.92000000E00  +2.92000000E00  +2.60000000E00  +3.46000000E00  +3.62000000E00  
  +3.82800000E00  +3.62100000E00  +3.50000000E00                                  
dipole
  +1.47000000E00  +0.00000000E00  +1.84000000E00  +0.00000000E00  +0.00000000E00  
  +0.00000000E00  +0.00000000E00  +0.00000000E00                                  
polarization
  +0.00000000E00  +7.90000000E-01 +0.00000000E00  +1.60000000E00  +1.76000000E00  
  +0.00000000E00  +1.76000000E00  +0.00000000E00                                  
rotation
  +1.00000000E01  +2.80000000E02  +4.00000000E00  +3.80000000E00  +4.00000000E00  
  +1.00000000E00  +4.00000000E00  +1.00000000E00                                  
molecule type
  2           1           2           1           1           
  1           1           2                                   
SurfMech1                                   !Material name
2                                   !Mechanism type
1                                   !Number of phases
FE_SURFACE                                   !Name of phase
2                                   !Type of phase: 1= gas, 2=surface, 3=bulk
2.6000000000000002E-5                                   !Density for site phase
12	 !Species symbols
  FE                H_FE              OH_FE             O_FE              NH3_FE            
  N_FE              NH2_FE            NH_FE             NO_FE             H2O_FE            
  NO2_FE            N2O_FE                                                                  
weight
  +5.58470000E-02 +5.68549700E-02 +7.28543700E-02 +7.18464000E-02 +7.28776100E-02 
  +6.98537000E-02 +7.18696400E-02 +7.08616700E-02 +8.58531000E-02 +7.38623400E-02 
  +1.01852500E-01 +9.98598000E-02                                                 
nasa polynomials
  +0.00000000E00  +0.00000000E00  +0.00000000E00  +0.00000000E00  +0.00000000E00  
  +0.00000000E00  +0.00000000E00  +1.00000000E-08 +0.00000000E00  +0.00000000E00  
  +0.00000000E00  +0.00000000E00  +0.00000000E00  +0.00000000E00  +3.00000000E02  
  +1.00000000E03  +3.00000000E03                                                  
  +1.38522350E00  -3.60291510E-05 +1.01482880E-06 -6.39234050E-10 +1.26064640E-13 
  -5.45886570E03  -5.04262900E00  +1.38522350E00  -3.60291510E-05 +1.01482880E-06 
  -6.39234050E-10 +1.26064640E-13 -5.45886570E03  -5.04262900E00  +3.00000000E02  
  +1.00000000E03  +3.00000000E03                                                  
  +2.08905500E00  +1.71443900E-03 -4.27838550E-07 +9.11211410E-12 +1.13760370E-14 
  -2.67334300E04  -3.86138840E00  +2.08905500E00  +1.71443900E-03 -4.27838550E-07 
  +9.11211410E-12 +1.13760370E-14 -2.67334300E04  -3.86138840E00  +3.00000000E02  
  +1.00000000E03  +3.00000000E03                                                  
  +9.33885770E-01 +1.49287490E-03 -1.51153810E-06 +7.60133450E-10 -1.42499390E-13 
  -2.88011880E04  -3.47247500E00  +9.33885770E-01 +1.49287490E-03 -1.51153810E-06 
  +7.60133450E-10 -1.42499390E-13 -2.88011880E04  -3.47247500E00  +3.00000000E02  
  +1.00000000E03  +3.00000000E03                                                  
  +3.16341470E00  +3.42591800E-03 +6.84649390E-07 -9.52070630E-10 +2.01233560E-13 
  -1.63353100E04  -1.62256140E01  +3.16341470E00  +3.42591800E-03 +6.84649390E-07 
  -9.52070630E-10 +2.01233560E-13 -1.63353100E04  -1.62256140E01  +2.98000000E02  
  +1.50000000E03  +1.50000000E03                                                  
  +1.50398410E00  -1.00792940E-03 +2.52438420E-06 -1.79733910E-09 +4.35872280E-13 
  -1.31481930E04  -1.05570380E01  +1.50398410E00  -1.00792940E-03 +2.52438420E-06 
  -1.79733910E-09 +4.35872280E-13 -1.31481930E04  -1.05570380E01  +2.98000000E02  
  +1.50000000E03  +1.50000000E03                                                  
  +2.61028050E00  +1.94791980E-03 +1.29798470E-06 -1.23389700E-09 +2.79466000E-13 
  -7.55149920E03  -1.89943500E01  +2.61028050E00  +1.94791980E-03 +1.29798470E-06 
  -1.23389700E-09 +2.79466000E-13 -7.55149920E03  -1.89943500E01  +2.98000000E02  
  +1.50000000E03  +1.50000000E03                                                  
  +2.05713420E00  +4.69985390E-04 +1.91120250E-06 -1.51563210E-09 +3.57673050E-13 
  -2.29284860E03  -1.20259090E01  +2.05713420E00  +4.69985390E-04 +1.91120250E-06 
  -1.51563210E-09 +3.57673050E-13 -2.29284860E03  -1.20259090E01  +2.98000000E02  
  +1.50000000E03  +1.50000000E03                                                  
  +3.02717233E00  -2.35291082E-03 +7.81376243E-06 -7.14290546E-09 +2.24302265E-12 
  +1.37772082E03  -8.77404102E-01 +3.02717233E00  -2.35291082E-03 +7.81376243E-06 
  -7.14290546E-09 +2.24302265E-12 +1.37772082E03  -8.77404102E-01 +3.00000000E02  
  +9.00000000E02  +9.00000000E02                                                  
  +3.50421380E00  +6.68594840E-04 +1.76268740E-06 -1.17030150E-09 +2.26185360E-13 
  -3.79129170E04  -1.05582530E01  +3.50421380E00  +6.68594840E-04 +1.76268740E-06 
  -1.17030150E-09 +2.26185360E-13 -3.79129170E04  -1.05582530E01  +3.00000000E02  
  +1.00000000E03  +3.00000000E03                                                  
  +3.95654168E00  -8.30664675E-04 +6.68591838E-06 -6.06096773E-09 +1.53311776E-12 
  -1.07963532E03  +5.56565050E-01 +3.95654168E00  -8.30664675E-04 +6.68591838E-06 
  -6.06096773E-09 +1.53311776E-12 -1.07963532E03  +5.56565050E-01 +3.00000000E02  
  +9.00000000E02  +9.00000000E02                                                  
  +3.50833254E00  +1.39878835E-03 +5.72361548E-06 -8.26453214E-09 +3.47126761E-12 
  +1.00055866E04  -2.79050713E00  +3.50833254E00  +1.39878835E-03 +5.72361548E-06 
  -8.26453214E-09 +3.47126761E-12 +1.00055866E04  -2.79050713E00  +3.00000000E02  
  +9.00000000E02  +9.00000000E02                                                  
continuous polynomials
  +3.89596512E-07 -1.01201218E-07 -8.99616908E-11 -4.80082050E-04 +1.27615089E-08 
  -1.58273530E-05 -9.93720205E-07                                                 
  -4.63382603E01  +1.11717216E01  +8.37116618E-03 +1.99454496E05  -1.18728806E00  
  -2.49911311E03  +1.25191809E02                                                  
  -4.84768624E00  +1.37436243E00  +4.64281823E-04 +3.70954826E04  -5.53444436E-02 
  -2.62239777E04  +1.58274215E01                                                  
  +5.74419172E01  -1.34716491E01  -1.05097832E-02 -2.26350178E05  +1.51402757E00  
  -3.22147677E04  -1.56810875E02                                                  
  +3.20188268E01  -8.02461215E00  -8.69205553E-03 -5.42635692E04  +1.22328289E00  
  -1.75369459E04  -8.92969242E01                                                  
  +6.01693777E00  -1.38624161E00  -1.64624785E-03 +1.14372125E03  +2.16936845E-01 
  -1.32455627E04  -2.09672924E01                                                  
  +2.33509774E01  -5.81168370E00  -6.34331852E-03 -3.57926408E04  +8.87817173E-01 
  -8.38501526E03  -7.11771345E01                                                  
  +1.46838473E01  -3.59893509E00  -3.99475654E-03 -1.73240937E04  +5.52373619E-01 
  -2.75828528E03  -4.33221277E01                                                  
  +2.62651490E01  -6.76348618E00  -9.23433258E-03 -2.75895833E04  +1.05302850E00  
  +5.77368658E02  -5.76780164E01                                                  
  -6.77852374E01  +1.64330799E01  +1.19100876E-02 +3.12567954E05  -1.67434072E00  
  -3.33653276E04  +1.85186716E02                                                  
  +5.65900806E01  -1.50877750E01  -2.20061422E-02 -7.70679219E04  +2.37185464E00  
  -3.05051417E03  -1.30216941E02                                                  
  -9.67943408E00  +2.74199025E00  +1.18911533E-03 +4.48663779E04  -1.48081436E-01 
  +1.08010275E04  +3.34589576E01                                                  
1 FE                  0  0  0  1  
2 H_FE                0  1  0  1  
3 OH_FE               0  1  1  1  
4 O_FE                0  0  1  1  
5 NH3_FE              1  3  0  1  
6 N_FE                1  0  0  1  
7 NH2_FE              1  2  0  1  
8 NH_FE               1  1  0  1  
9 NO_FE               1  0  1  1  
10 H2O_FE             0  2  1  1  
11 NO2_FE             1  0  2  1  
12 N2O_FE             2  0  1  1  
Occ(1)    1
Occ(2)    1
Occ(3)    1
Occ(4)    1
Occ(5)    1
Occ(6)    1
Occ(7)    1
Occ(8)    1
Occ(9)    1
Occ(10)   1
Occ(11)   1
Occ(12)   1
